10 194
13 194
32 541
33 5
34 36
39 11
44 31
46 51
49 1
50 1
51 1
52 1
53 1
54 1
55 1
56 1
63 5
65 1
66 1
67 1
69 1
70 1
72 17
73 9
77 1
79 2
80 1
83 3
84 15
85 1
86 1
87 2
89 3
97 182
98 41
99 40
100 134
101 291
102 35
103 53
104 141
105 134
106 2
107 16
108 81
109 64
110 123
111 159
112 29
114 102
115 116
116 157
117 50
118 22
119 56
120 1
121 50
122 1
161 493
162 69
163 783
164 42
165 26
166 52
167 61
168 43
169 48
170 130
171 63
172 460
173 68
174 90
175 41
176 228
177 205
178 327
179 191
180 337
181 715
182 248
183 166
184 314
185 229
186 256
187 618
188 228
189 248
190 170
191 227
192 266
193 296
194 141
195 401
196 591
197 166
198 146
199 356
200 287
201 330
202 367
203 674
204 129
205 252
206 170
207 270
208 328
209 216
210 481
211 280
212 305
213 207
214 323
215 301
216 128
217 55
218 177
219 40
220 73
221 31
222 35
223 70
224 76
225 28
226 179
227 72
228 56
229 32
230 64
231 51
232 28
233 68
234 58
235 36
236 88
237 38
238 62
239 123
240 75
241 27
242 61
243 116
244 31
245 51
246 122
247 59
248 82
249 102
250 88
251 265
252 30
253 144
254 34
